v3.0 hex words addressed
00: b0 b5 ba bf 46 c4 b0 b0 44 e4 b0 45 c4 b0 47 43
10: cc 47 43 cc 44 c8 b0 0e 31 41 dc c4 b0 1a 41 cc
20: 47 41 c4 46 c8 44 41 02 d3 d3 31 d7 1b 47 45 c8
30: 47 41 c4 02 d3 31 d3 d7 1b bf ba 46 c8 44 c4 b0
40: 44 e8 b0 45 c8 02 2d 12 1d b0 47 43 d4 21 cc 12
50: 18 b0 47 43 d4 3d 12 18 bf 47 47 44 2d d3 18 00
60: 00 00 00 00 00 00 00 00 00 00 00 00 00 00 00 00
70: 00 00 00 00 00 00 00 00 00 00 00 00 00 00 00 00
80: 00 00 00 00 00 00 00 00 00 00 00 00 00 00 00 00
90: 00 00 00 00 00 00 00 00 00 00 00 00 00 00 00 00
a0: 00 00 00 00 00 00 00 00 00 00 00 00 00 00 00 00
b0: 00 00 00 00 00 00 00 00 00 00 00 00 00 00 00 00
c0: 00 00 00 00 00 00 00 00 00 00 00 00 00 00 00 00
d0: 00 00 00 00 00 00 00 00 00 00 00 00 00 00 00 00
e0: 00 00 00 00 00 00 00 00 00 00 00 00 00 00 00 00
f0: 00 00 00 00 00 00 00 00 00 00 00 00 00 00 00 00
